0 0.046044 0.516861 0.081280 0.963684
0 0.290748 0.577821 0.050151 0.486381
0 0.369434 0.588846 0.029399 0.332036
0 0.487462 0.636187 0.021617 0.185473
0 0.914181 0.564851 0.041505 0.346304
1 0.605491 0.466278 0.034587 0.042802
1 0.522914 0.481842 0.026805 0.035019
1 0.484868 0.487678 0.025076 0.033722
1 0.450281 0.495460 0.023346 0.036316
1 0.562257 0.473411 0.027670 0.036316
3 0.666883 0.669909 0.025940 0.120623
3 0.701470 0.670558 0.020752 0.124514
1 0.820363 0.546693 0.040640 0.037613
1 0.776697 0.551232 0.038046 0.046693
0 0.206010 0.543450 0.032858 0.166018